Path:	
C:\Users\kastriots\Google Drive\Measurement data\Plat_FacingAnt_11613.txt	

Owner:	
Robert Jones	

Description:	
	
-----------------------------------------------------------------	


X - Axis	Y - Axis
	
510.00000000	-0.00008392
520.00000000	-0.00010681
530.00000000	-0.00013733
540.00000000	-0.00014496
550.00000000	-0.00013733
560.00000000	-0.00012970
570.00000000	-0.00012970
580.00000000	-0.00013733
590.00000000	-0.00013733
600.00000000	-0.00015259
610.00000000	-0.00012207
620.00000000	-0.00010681
630.00000000	-0.00010681
640.00000000	-0.00010681
650.00000000	-0.00011444
660.00000000	-0.00011444
670.00000000	-0.00011444
680.00000000	-0.00013733
690.00000000	-0.00015259
700.00000000	-0.00016022
710.00000000	-0.00019836
720.00000000	-0.00020599
730.00000000	-0.00019074
740.00000000	-0.00017548
750.00000000	-0.00013733
760.00000000	-0.00014496
770.00000000	-0.00013733
780.00000000	-0.00015259
790.00000000	-0.00021362
800.00000000	-0.00022888
810.00000000	-0.00025940
820.00000000	-0.00025940
830.00000000	-0.00022125
840.00000000	-0.00021362
850.00000000	-0.00020599
860.00000000	-0.00021362
870.00000000	-0.00022125
880.00000000	-0.00024414
890.00000000	-0.00025940
900.00000000	-0.00025940
910.00000000	-0.00025940
920.00000000	-0.00026703
930.00000000	-0.00026703
940.00000000	-0.00026703
950.00000000	-0.00024414
960.00000000	-0.00023651
970.00000000	-0.00021362
980.00000000	-0.00021362
990.00000000	-0.00022888
1000.00000000	-0.00021362
1010.00000000	-0.00022888
1020.00000000	-0.00022888
1030.00000000	-0.00023651
1040.00000000	-0.00022888
1050.00000000	-0.00022888
1060.00000000	-0.00021362
1070.00000000	-0.00021362
1080.00000000	-0.00021362
1090.00000000	-0.00025177
1100.00000000	-0.00026703
1110.00000000	-0.00029755
1120.00000000	-0.00030518
1130.00000000	-0.00031281
1140.00000000	-0.00029755
1150.00000000	-0.00028229
1160.00000000	-0.00026703
1170.00000000	-0.00026703
1180.00000000	-0.00026703
1190.00000000	-0.00031281
1200.00000000	-0.00032044
1210.00000000	-0.00034333
1220.00000000	-0.00035858
1230.00000000	-0.00037384
1240.00000000	-0.00036621
1250.00000000	-0.00038910
1260.00000000	-0.00041199
1270.00000000	-0.00044251
1280.00000000	-0.00046540
1290.00000000	-0.00048065
1300.00000000	-0.00048065
1310.00000000	-0.00048065
1320.00000000	-0.00048065
1330.00000000	-0.00050354
1340.00000000	-0.00053406
1350.00000000	-0.00055695
1360.00000000	-0.00057221
1370.00000000	-0.00059510
1380.00000000	-0.00058747
1390.00000000	-0.00057984
1400.00000000	-0.00056458
1410.00000000	-0.00054932
1420.00000000	-0.00053406
1430.00000000	-0.00046540
1440.00000000	-0.00041199
1450.00000000	-0.00016785
1460.00000000	0.00003052
1470.00000000	0.00051117
1480.00000000	0.00087738
1490.00000000	0.00198366
1500.00000000	0.00277711
1510.00000000	0.00502780
1520.00000000	0.00646213
1530.00000000	0.01052100
1540.00000000	0.01226810
1550.00000000	0.01703660
1560.00000000	0.01855480
1570.00000000	0.01937880
1580.00000000	0.01784530
1590.00000000	0.01025400
1600.00000000	0.00609592
1610.00000000	-0.00418857
1620.00000000	-0.00733188
1630.00000000	-0.01103220
1640.00000000	-0.01113130
1650.00000000	-0.01026160
1660.00000000	-0.00988775
1670.00000000	-0.00938421
1680.00000000	-0.00920111
1690.00000000	-0.00818640
1700.00000000	-0.00737765
1710.00000000	-0.00498202
1720.00000000	-0.00437930
1730.00000000	-0.00368501
1740.00000000	-0.00367738
1750.00000000	-0.00331117
1760.00000000	-0.00275423
1770.00000000	-0.00106812
1780.00000000	-0.00040436
1790.00000000	0.00015259
1800.00000000	-0.00053406
1810.00000000	-0.00302888
1820.00000000	-0.00442508
1830.00000000	-0.00670627
1840.00000000	-0.00660709
1850.00000000	-0.00445560
1860.00000000	-0.00272371
1870.00000000	0.00141145
1880.00000000	0.00257875
1890.00000000	0.00356294
1900.00000000	0.00271608
1910.00000000	-0.00008392
1920.00000000	-0.00117493
1930.00000000	-0.00214387
1940.00000000	-0.00176240
1950.00000000	-0.00062561
1960.00000000	-0.00039673
1970.00000000	-0.00053406
1980.00000000	-0.00079346
1990.00000000	-0.00106049
2000.00000000	-0.00081635
2010.00000000	0.00021362
2020.00000000	0.00072480
2030.00000000	0.00122071
2040.00000000	0.00110627
2050.00000000	0.00059510
2060.00000000	0.00032807
2070.00000000	-0.00042725
2080.00000000	-0.00081635
2090.00000000	-0.00190736
2100.00000000	-0.00231172
2110.00000000	-0.00251772
2120.00000000	-0.00228120
2130.00000000	-0.00091553
2140.00000000	-0.00000763
2150.00000000	0.00196840
2160.00000000	0.00243379
2170.00000000	0.00218965
2180.00000000	0.00142670
2190.00000000	-0.00057984
2200.00000000	-0.00129700
2210.00000000	-0.00159455
2220.00000000	-0.00088501
2230.00000000	0.00112916
2240.00000000	0.00184632
2250.00000000	0.00255586
2260.00000000	0.00222780
2270.00000000	0.00115968
2280.00000000	0.00079346
2290.00000000	0.00024414
2300.00000000	0.00009155
2310.00000000	-0.00048828
2320.00000000	-0.00089264
2330.00000000	-0.00157929
2340.00000000	-0.00153352
2350.00000000	-0.00070954
2360.00000000	-0.00032044
2370.00000000	0.00001526
2380.00000000	-0.00022888
2390.00000000	-0.00081635
2400.00000000	-0.00087738
2410.00000000	-0.00054169
2420.00000000	-0.00028229
2430.00000000	0.00016785
2440.00000000	0.00040436
2450.00000000	0.00108338
2460.00000000	0.00154877
2470.00000000	0.00225069
2480.00000000	0.00215913
2490.00000000	0.00116730
2500.00000000	0.00039673
2510.00000000	-0.00116730
2520.00000000	-0.00142670
2530.00000000	-0.00111390
2540.00000000	-0.00067139
2550.00000000	0.00016022
2560.00000000	0.00035095
2570.00000000	0.00041199
2580.00000000	0.00031281
2590.00000000	-0.00016022
2600.00000000	-0.00047302
2610.00000000	-0.00094605
2620.00000000	-0.00090027
2630.00000000	-0.00047302
2640.00000000	-0.00031281
2650.00000000	-0.00028992
2660.00000000	-0.00041962
2670.00000000	-0.00069428
2680.00000000	-0.00066376
2690.00000000	-0.00021362
2700.00000000	0.00024414
2710.00000000	0.00105286
2720.00000000	0.00122834
2730.00000000	0.00096131
2740.00000000	0.00048828
2750.00000000	-0.00044251
2760.00000000	-0.00061799
2770.00000000	-0.00039673
2780.00000000	-0.00012207
2790.00000000	0.00036621
2800.00000000	0.00034333
2810.00000000	-0.00008392
2820.00000000	-0.00041199
2830.00000000	-0.00100709
2840.00000000	-0.00102235
2850.00000000	-0.00052643
2860.00000000	-0.00018311
2870.00000000	0.00059510
2880.00000000	0.00067139
2890.00000000	0.00020599
2900.00000000	-0.00023651
2910.00000000	-0.00124360
2920.00000000	-0.00144196
2930.00000000	-0.00150300
2940.00000000	-0.00142670
2950.00000000	-0.00145722
2960.00000000	-0.00158692
2970.00000000	-0.00138093
2980.00000000	-0.00081635
2990.00000000	0.00114442
3000.00000000	0.00189973
3010.00000000	0.00251772
3020.00000000	0.00205232
3030.00000000	0.00022888
3040.00000000	-0.00037384
3050.00000000	-0.00072480
3060.00000000	-0.00041962
3070.00000000	0.00035858
3080.00000000	0.00025940
3090.00000000	-0.00053406
3100.00000000	-0.00096131
3110.00000000	-0.00123597
3120.00000000	-0.00086976
3130.00000000	-0.00032044
3140.00000000	-0.00029755
3150.00000000	-0.00063324
3160.00000000	-0.00080109
3170.00000000	-0.00089264
3180.00000000	-0.00074768
3190.00000000	-0.00047302
3200.00000000	-0.00042725
3210.00000000	-0.00041199
3220.00000000	-0.00034333
3230.00000000	-0.00003052
3240.00000000	0.00014496
3250.00000000	0.00059510
3260.00000000	0.00081635
3270.00000000	0.00152589
3280.00000000	0.00200655
3290.00000000	0.00354005
3300.00000000	0.00434116
3310.00000000	0.00612643
3320.00000000	0.00647739
3330.00000000	0.00682071
3340.00000000	0.00659946
3350.00000000	0.00533298
3360.00000000	0.00432590
3370.00000000	0.00132752
3380.00000000	-0.00018311
3390.00000000	-0.00289156
3400.00000000	-0.00354005
3410.00000000	-0.00396731
3420.00000000	-0.00363924
3430.00000000	-0.00248720
3440.00000000	-0.00211336
3450.00000000	-0.00190736
3460.00000000	-0.00211336
3470.00000000	-0.00276949
3480.00000000	-0.00293733
3490.00000000	-0.00283052
3500.00000000	-0.00244905
3510.00000000	-0.00127412
3520.00000000	-0.00069428
3530.00000000	0.00030518
3540.00000000	0.00050354
3550.00000000	0.00060273
3560.00000000	0.00048828
3570.00000000	0.00002289
3580.00000000	-0.00022125
3590.00000000	-0.00115205
3600.00000000	-0.00161744
3610.00000000	-0.00227357
3620.00000000	-0.00225832
3630.00000000	-0.00182343
3640.00000000	-0.00146485
3650.00000000	-0.00070191
3660.00000000	-0.00035858
3670.00000000	0.00025940
3680.00000000	0.00037384
3690.00000000	0.00021362
3700.00000000	-0.00006104
3710.00000000	-0.00110627
3720.00000000	-0.00169373
3730.00000000	-0.00267030
3740.00000000	-0.00285341
3750.00000000	-0.00264741
3760.00000000	-0.00222780
3770.00000000	-0.00100709
3780.00000000	-0.00035095
3790.00000000	0.00067902
3800.00000000	0.00078583
3810.00000000	0.00044251
3820.00000000	0.00030518
3830.00000000	0.00051880
3840.00000000	0.00098420
3850.00000000	0.00144959
3860.00000000	0.00112916
3870.00000000	-0.00057984
3880.00000000	-0.00153352
3890.00000000	-0.00275423
3900.00000000	-0.00250246
3910.00000000	-0.00110627
3920.00000000	-0.00032044
3930.00000000	0.00114442
3940.00000000	0.00132752
3950.00000000	0.00114442
3960.00000000	0.00072480
3970.00000000	-0.00041962
3980.00000000	-0.00081635
3990.00000000	-0.00134278
4000.00000000	-0.00135804
4010.00000000	-0.00116730
4020.00000000	-0.00090790
4030.00000000	-0.00001526
4040.00000000	0.00049591
4050.00000000	0.00138093
4060.00000000	0.00149537
4070.00000000	0.00120545
4080.00000000	0.00098420
4090.00000000	0.00070191
4100.00000000	0.00068665
4110.00000000	0.00036621
4120.00000000	-0.00005341
4130.00000000	-0.00145722
4140.00000000	-0.00189210
4150.00000000	-0.00196077
4160.00000000	-0.00132752
4170.00000000	0.00022125
4180.00000000	0.00075531
4190.00000000	0.00096131
4200.00000000	0.00054932
4210.00000000	-0.00033570
4220.00000000	-0.00048828
4230.00000000	-0.00005341
4240.00000000	0.00034333
4250.00000000	0.00109101
4260.00000000	0.00112153
4270.00000000	0.00067902
4280.00000000	0.00018311
4290.00000000	-0.00088501
4300.00000000	-0.00122834
4310.00000000	-0.00128938
4320.00000000	-0.00088501
4330.00000000	0.00033570
4340.00000000	0.00076294
4350.00000000	0.00135804
4360.00000000	0.00126649
4370.00000000	0.00065613
4380.00000000	0.00027466
4390.00000000	-0.00021362
4400.00000000	-0.00019836
4410.00000000	0.00012970
4420.00000000	0.00029755
4430.00000000	0.00046540
4440.00000000	0.00041962
4450.00000000	0.00033570
4460.00000000	0.00038147
4470.00000000	0.00066376
4480.00000000	0.00089264
4490.00000000	0.00121308
4500.00000000	0.00115968
4510.00000000	0.00067139
4520.00000000	0.00033570
4530.00000000	-0.00041199
4540.00000000	-0.00051117
4550.00000000	-0.00037384
4560.00000000	-0.00021362
4570.00000000	-0.00005341
4580.00000000	-0.00010681
4590.00000000	-0.00026703
4600.00000000	-0.00030518
4610.00000000	-0.00012207
4620.00000000	0.00009155
4630.00000000	0.00053406
4640.00000000	0.00063324
4650.00000000	0.00054169
4660.00000000	0.00041199
4670.00000000	0.00001526
4680.00000000	-0.00013733
4690.00000000	-0.00045014
4700.00000000	-0.00048065
4710.00000000	-0.00045777
4720.00000000	-0.00047302
4730.00000000	-0.00079346
4740.00000000	-0.00106812
4750.00000000	-0.00155640
4760.00000000	-0.00153352
4770.00000000	-0.00100709
4780.00000000	-0.00065613
4790.00000000	0.00027466
4800.00000000	0.00057221
4810.00000000	0.00110627
4820.00000000	0.00121308
4830.00000000	0.00115968
4840.00000000	0.00088501
4850.00000000	0.00006104
4860.00000000	-0.00023651
4870.00000000	-0.00050354
4880.00000000	-0.00038910
4890.00000000	0.00011444
4900.00000000	0.00025940
4910.00000000	0.00025940
4920.00000000	0.00008392
4930.00000000	-0.00038910
4940.00000000	-0.00053406
4950.00000000	-0.00064087
4960.00000000	-0.00058747
4970.00000000	-0.00041962
4980.00000000	-0.00032807
4990.00000000	-0.00013733
5000.00000000	-0.00005341
5010.00000000	0.00000000
5020.00000000	-0.00004578
5030.00000000	-0.00025177
5040.00000000	-0.00032044
5050.00000000	-0.00029755
5060.00000000	-0.00010681
5070.00000000	0.00057221
5080.00000000	0.00100709
5090.00000000	0.00189973
5100.00000000	0.00215913
5110.00000000	0.00238039
5120.00000000	0.00221254
5130.00000000	0.00140382
5140.00000000	0.00086213
5150.00000000	-0.00027466
5160.00000000	-0.00057221
5170.00000000	-0.00080109
5180.00000000	-0.00074005
5190.00000000	-0.00059510
5200.00000000	-0.00054169
5210.00000000	-0.00051117
5220.00000000	-0.00055695
5230.00000000	-0.00077820
5240.00000000	-0.00090027
5250.00000000	-0.00117493
5260.00000000	-0.00126649
5270.00000000	-0.00135041
5280.00000000	-0.00132752
5290.00000000	-0.00125886
5300.00000000	-0.00124360
5310.00000000	-0.00128938
5320.00000000	-0.00133515
5330.00000000	-0.00127412
5340.00000000	-0.00106812
5350.00000000	-0.00054169
5360.00000000	-0.00040436
5370.00000000	-0.00051880
5380.00000000	-0.00077057
5390.00000000	-0.00134278
5400.00000000	-0.00153352
5410.00000000	-0.00144959
5420.00000000	-0.00118256
5430.00000000	-0.00023651
5440.00000000	0.00009918
5450.00000000	0.00041199
5460.00000000	0.00025940
5470.00000000	-0.00024414
5480.00000000	-0.00041199
5490.00000000	-0.00069428
5500.00000000	-0.00078583
5510.00000000	-0.00106049
5520.00000000	-0.00122071
5530.00000000	-0.00153352
5540.00000000	-0.00153352
5550.00000000	-0.00128175
5560.00000000	-0.00102235
5570.00000000	-0.00035858
5580.00000000	-0.00013733
5590.00000000	0.00014496
5600.00000000	0.00010681
5610.00000000	-0.00006104
5620.00000000	-0.00010681
5630.00000000	-0.00006866
5640.00000000	0.00002289
5650.00000000	0.00015259
5660.00000000	0.00006104
5670.00000000	-0.00041199
5680.00000000	-0.00069428
5690.00000000	-0.00102235
5700.00000000	-0.00090027
5710.00000000	-0.00005341
5720.00000000	0.00036621
5730.00000000	0.00086213
5740.00000000	0.00076294
5750.00000000	0.00024414
5760.00000000	0.00000000
5770.00000000	-0.00037384
5780.00000000	-0.00049591
5790.00000000	-0.00070954
5800.00000000	-0.00071717
5810.00000000	-0.00055695
5820.00000000	-0.00035858
5830.00000000	0.00009918
5840.00000000	0.00025940
5850.00000000	0.00047302
5860.00000000	0.00047302
5870.00000000	0.00023651
5880.00000000	0.00003052
5890.00000000	-0.00055695
5900.00000000	-0.00078583
5910.00000000	-0.00099946
5920.00000000	-0.00087738
5930.00000000	-0.00048065
5940.00000000	-0.00030518
5950.00000000	-0.00012970
5960.00000000	-0.00016022
5970.00000000	-0.00019836
5980.00000000	-0.00012207
5990.00000000	0.00016785
6000.00000000	0.00035095
6010.00000000	0.00059510
6020.00000000	0.00062561
6030.00000000	0.00054932
6040.00000000	0.00045014
6050.00000000	0.00013733
6060.00000000	-0.00000763
6070.00000000	-0.00016785
6080.00000000	-0.00012207
6090.00000000	0.00006104
6100.00000000	0.00012207
6110.00000000	-0.00000763
6120.00000000	-0.00017548
6130.00000000	-0.00058747
6140.00000000	-0.00061036
6150.00000000	-0.00043488
6160.00000000	-0.00025940
6170.00000000	0.00012970
6180.00000000	0.00028229
6190.00000000	0.00055695
6200.00000000	0.00059510
6210.00000000	0.00056458
6220.00000000	0.00049591
6230.00000000	0.00039673
6240.00000000	0.00039673
6250.00000000	0.00048065
6260.00000000	0.00051117
6270.00000000	0.00041962
6280.00000000	0.00027466
6290.00000000	-0.00009155
6300.00000000	-0.00022888
6310.00000000	-0.00039673
6320.00000000	-0.00037384
6330.00000000	-0.00026703
6340.00000000	-0.00022125
6350.00000000	-0.00021362
6360.00000000	-0.00026703
6370.00000000	-0.00046540
6380.00000000	-0.00055695
6390.00000000	-0.00066376
6400.00000000	-0.00067902
6410.00000000	-0.00064087
6420.00000000	-0.00057221
6430.00000000	-0.00022888
6440.00000000	-0.00003052
6450.00000000	0.00037384
6460.00000000	0.00041199
6470.00000000	0.00021362
6480.00000000	0.00000763
6490.00000000	-0.00034333
6500.00000000	-0.00037384
6510.00000000	-0.00032044
6520.00000000	-0.00031281
6530.00000000	-0.00048828
6540.00000000	-0.00065613
6550.00000000	-0.00102235
6560.00000000	-0.00100709
6570.00000000	-0.00052643
6580.00000000	-0.00009918
6590.00000000	0.00119782
6600.00000000	0.00157929
6610.00000000	0.00170136
6620.00000000	0.00135041
6630.00000000	0.00021362
6640.00000000	-0.00022125
6650.00000000	-0.00070191
6660.00000000	-0.00058747
6670.00000000	-0.00000763
6680.00000000	0.00022125
6690.00000000	0.00046540
6700.00000000	0.00038147
6710.00000000	0.00017548
6720.00000000	0.00010681
6730.00000000	0.00009918
6740.00000000	0.00011444
6750.00000000	0.00006866
6760.00000000	-0.00000763
6770.00000000	-0.00011444
6780.00000000	-0.00007629
6790.00000000	0.00009918
6800.00000000	0.00015259
6810.00000000	0.00011444
6820.00000000	0.00006104
6830.00000000	0.00007629
6840.00000000	0.00022125
6850.00000000	0.00066376
6860.00000000	0.00080109
6870.00000000	0.00090790
6880.00000000	0.00077820
6890.00000000	0.00019836
6900.00000000	-0.00010681
6910.00000000	-0.00064087
6920.00000000	-0.00071717
6930.00000000	-0.00063324
6940.00000000	-0.00046540
6950.00000000	-0.00019836
6960.00000000	-0.00008392
6970.00000000	0.00009155
6980.00000000	0.00014496
6990.00000000	0.00017548
7000.00000000	0.00007629
7010.00000000	-0.00024414
7020.00000000	-0.00034333
7030.00000000	-0.00037384
7040.00000000	-0.00020599
7050.00000000	0.00011444
7060.00000000	0.00015259
7070.00000000	-0.00005341
7080.00000000	-0.00024414
7090.00000000	-0.00050354
7100.00000000	-0.00042725
7110.00000000	-0.00006104
7120.00000000	0.00013733
7130.00000000	0.00016022
7140.00000000	-0.00005341
7150.00000000	-0.00068665
7160.00000000	-0.00089264
7170.00000000	-0.00106049
7180.00000000	-0.00094605
7190.00000000	-0.00053406
7200.00000000	-0.00032044
7210.00000000	-0.00001526
7220.00000000	0.00005341
7230.00000000	0.00008392
7240.00000000	0.00005341
7250.00000000	-0.00003815
7260.00000000	-0.00007629
7270.00000000	-0.00025940
7280.00000000	-0.00043488
7290.00000000	-0.00068665
7300.00000000	-0.00074005
7310.00000000	-0.00068665
7320.00000000	-0.00058747
7330.00000000	-0.00042725
7340.00000000	-0.00039673
7350.00000000	-0.00037384
7360.00000000	-0.00032044
7370.00000000	-0.00015259
7380.00000000	-0.00004578
7390.00000000	0.00011444
7400.00000000	0.00015259
7410.00000000	0.00008392
7420.00000000	0.00000000
7430.00000000	-0.00019074
7440.00000000	-0.00022888
7450.00000000	-0.00019074
7460.00000000	-0.00010681
7470.00000000	0.00001526
7480.00000000	-0.00000763
7490.00000000	-0.00019836
7500.00000000	-0.00026703
7510.00000000	-0.00029755
7520.00000000	-0.00022888
7530.00000000	0.00010681
7540.00000000	0.00019836
7550.00000000	0.00028992
7560.00000000	0.00021362
7570.00000000	-0.00003815
7580.00000000	-0.00013733
7590.00000000	-0.00017548
7600.00000000	-0.00009155
7610.00000000	0.00008392
7620.00000000	0.00009155
7630.00000000	0.00003052
7640.00000000	-0.00003052
7650.00000000	-0.00012970
7660.00000000	-0.00019836
7670.00000000	-0.00038910
7680.00000000	-0.00048065
7690.00000000	-0.00058747
7700.00000000	-0.00055695
7710.00000000	-0.00041199
7720.00000000	-0.00036621
7730.00000000	-0.00042725
7740.00000000	-0.00053406
7750.00000000	-0.00065613
7760.00000000	-0.00061799
7770.00000000	-0.00041962
7780.00000000	-0.00028992
7790.00000000	-0.00007629
7800.00000000	0.00003052
7810.00000000	0.00027466
7820.00000000	0.00035858
7830.00000000	0.00049591
7840.00000000	0.00048065
7850.00000000	0.00028229
7860.00000000	0.00012970
7870.00000000	-0.00022125
7880.00000000	-0.00029755
7890.00000000	-0.00037384
7900.00000000	-0.00037384
7910.00000000	-0.00038910
7920.00000000	-0.00040436
7930.00000000	-0.00042725
7940.00000000	-0.00041199
7950.00000000	-0.00029755
7960.00000000	-0.00021362
7970.00000000	-0.00009155
7980.00000000	-0.00008392
7990.00000000	-0.00010681
8000.00000000	-0.00012207
8010.00000000	-0.00009918
8020.00000000	-0.00006866
8030.00000000	-0.00007629
8040.00000000	-0.00013733
8050.00000000	-0.00023651
8060.00000000	-0.00024414
8070.00000000	-0.00018311
8080.00000000	-0.00014496
8090.00000000	-0.00010681
8100.00000000	-0.00016022
8110.00000000	-0.00037384
8120.00000000	-0.00046540
8130.00000000	-0.00061799
8140.00000000	-0.00061799
8150.00000000	-0.00049591
8160.00000000	-0.00038910
8170.00000000	-0.00012970
8180.00000000	-0.00004578
8190.00000000	0.00005341
8200.00000000	0.00005341
8210.00000000	-0.00000763
8220.00000000	-0.00005341
8230.00000000	-0.00017548
8240.00000000	-0.00023651
8250.00000000	-0.00026703
8260.00000000	-0.00019836
8270.00000000	-0.00003815
8280.00000000	0.00000000
8290.00000000	-0.00005341
8300.00000000	-0.00012207
8310.00000000	-0.00025177
8320.00000000	-0.00022888
8330.00000000	-0.00012207
8340.00000000	-0.00005341
8350.00000000	0.00008392
8360.00000000	0.00017548
8370.00000000	0.00047302
8380.00000000	0.00067902
8390.00000000	0.00090790
8400.00000000	0.00083924
8410.00000000	0.00040436
8420.00000000	0.00019074
8430.00000000	0.00004578
8440.00000000	0.00020599
8450.00000000	0.00066376
8460.00000000	0.00076294
8470.00000000	0.00054169
8480.00000000	0.00025940
8490.00000000	-0.00032044
8500.00000000	-0.00037384
8510.00000000	-0.00025177
8520.00000000	-0.00014496
8530.00000000	-0.00003052
8540.00000000	-0.00006866
8550.00000000	-0.00025177
8560.00000000	-0.00028229
8570.00000000	-0.00026703
8580.00000000	-0.00021362
8590.00000000	-0.00012970
8600.00000000	-0.00014496
8610.00000000	-0.00019836
8620.00000000	-0.00016022
8630.00000000	0.00004578
8640.00000000	0.00022125
8650.00000000	0.00041962
8660.00000000	0.00036621
8670.00000000	-0.00005341
8680.00000000	-0.00028229
8690.00000000	-0.00064087
8700.00000000	-0.00065613
8710.00000000	-0.00049591
8720.00000000	-0.00040436
8730.00000000	-0.00030518
8740.00000000	-0.00033570
8750.00000000	-0.00039673
8760.00000000	-0.00037384
8770.00000000	-0.00023651
8780.00000000	-0.00017548
8790.00000000	-0.00008392
8800.00000000	-0.00009918
8810.00000000	-0.00017548
8820.00000000	-0.00021362
8830.00000000	-0.00029755
8840.00000000	-0.00032044
8850.00000000	-0.00041199
8860.00000000	-0.00045777
8870.00000000	-0.00051880
8880.00000000	-0.00046540
8890.00000000	-0.00021362
8900.00000000	-0.00004578
8910.00000000	0.00020599
8920.00000000	0.00019074
8930.00000000	-0.00003815
8940.00000000	-0.00022125
8950.00000000	-0.00051117
8960.00000000	-0.00053406
8970.00000000	-0.00041199
8980.00000000	-0.00033570
8990.00000000	-0.00017548
9000.00000000	-0.00015259
9010.00000000	-0.00011444
9020.00000000	-0.00008392
9030.00000000	-0.00002289
9040.00000000	-0.00003052
9050.00000000	-0.00010681
9060.00000000	-0.00019074
9070.00000000	-0.00036621
9080.00000000	-0.00041199
9090.00000000	-0.00043488
9100.00000000	-0.00044251
9110.00000000	-0.00048065
9120.00000000	-0.00051117
9130.00000000	-0.00054932
9140.00000000	-0.00050354
9150.00000000	-0.00033570
9160.00000000	-0.00022125
9170.00000000	0.00004578
9180.00000000	0.00016022
9190.00000000	0.00029755
9200.00000000	0.00027466
9210.00000000	0.00007629
9220.00000000	-0.00004578
9230.00000000	-0.00022125
9240.00000000	-0.00023651
9250.00000000	-0.00022125
9260.00000000	-0.00019074
9270.00000000	-0.00011444
9280.00000000	-0.00010681
9290.00000000	-0.00015259
9300.00000000	-0.00021362
9310.00000000	-0.00036621
9320.00000000	-0.00037384
9330.00000000	-0.00026703
9340.00000000	-0.00018311
9350.00000000	-0.00018311
9360.00000000	-0.00026703
9370.00000000	-0.00041962
9380.00000000	-0.00041199
9390.00000000	-0.00028229
9400.00000000	-0.00010681
9410.00000000	0.00019836
9420.00000000	0.00027466
9430.00000000	0.00024414
9440.00000000	0.00009918
9450.00000000	-0.00022888
9460.00000000	-0.00034333
9470.00000000	-0.00046540
9480.00000000	-0.00045014
9490.00000000	-0.00042725
9500.00000000	-0.00042725
9510.00000000	-0.00043488
9520.00000000	-0.00037384
9530.00000000	-0.00016785
9540.00000000	-0.00009155
9550.00000000	0.00001526
9560.00000000	-0.00002289
9570.00000000	-0.00016022
9580.00000000	-0.00022125
9590.00000000	-0.00025940
9600.00000000	-0.00021362
9610.00000000	-0.00012970
9620.00000000	-0.00011444
9630.00000000	-0.00012970
9640.00000000	-0.00016022
9650.00000000	-0.00017548
9660.00000000	-0.00015259
9670.00000000	-0.00008392
9680.00000000	-0.00006866
9690.00000000	-0.00012207
9700.00000000	-0.00018311
9710.00000000	-0.00034333
9720.00000000	-0.00041199
9730.00000000	-0.00049591
9740.00000000	-0.00048065
9750.00000000	-0.00040436
9760.00000000	-0.00032044
9770.00000000	-0.00007629
9780.00000000	0.00003815
9790.00000000	0.00016785
9800.00000000	0.00014496
9810.00000000	0.00004578
9820.00000000	0.00000763
9830.00000000	0.00000763
9840.00000000	0.00004578
9850.00000000	0.00004578
9860.00000000	-0.00005341
9870.00000000	-0.00034333
9880.00000000	-0.00042725
9890.00000000	-0.00043488
9900.00000000	-0.00035095
9910.00000000	-0.00016022
9920.00000000	-0.00012207
9930.00000000	-0.00016022
9940.00000000	-0.00017548
9950.00000000	-0.00010681
9960.00000000	-0.00003815
9970.00000000	0.00012970
9980.00000000	0.00016785
9990.00000000	0.00012970
10000.00000000	0.00004578
10010.00000000	-0.00009155
10020.00000000	-0.00012970
10030.00000000	-0.00007629
10040.00000000	-0.00000763
10050.00000000	0.00018311
10060.00000000	0.00022125
10070.00000000	0.00012970
10080.00000000	0.00001526
10090.00000000	-0.00022125
10100.00000000	-0.00028229
10110.00000000	-0.00033570
10120.00000000	-0.00031281
10130.00000000	-0.00025177
10140.00000000	-0.00018311
10150.00000000	0.00003052
10160.00000000	0.00010681
10170.00000000	0.00022125
10180.00000000	0.00017548
10190.00000000	-0.00001526
10200.00000000	-0.00007629
10210.00000000	-0.00006866
10220.00000000	0.00000000
10230.00000000	0.00011444
10240.00000000	0.00011444
10250.00000000	0.00000000
10260.00000000	-0.00004578
10270.00000000	-0.00010681
10280.00000000	-0.00010681
10290.00000000	-0.00012970
10300.00000000	-0.00012207
10310.00000000	-0.00010681
10320.00000000	-0.00008392
10330.00000000	-0.00006866
10340.00000000	-0.00009918
10350.00000000	-0.00016022
10360.00000000	-0.00018311
10370.00000000	-0.00021362
10380.00000000	-0.00021362
10390.00000000	-0.00017548
10400.00000000	-0.00010681
10410.00000000	0.00004578
10420.00000000	0.00009155
10430.00000000	0.00011444
10440.00000000	0.00009918
10450.00000000	0.00000763
10460.00000000	-0.00005341
10470.00000000	-0.00016022
10480.00000000	-0.00019836
10490.00000000	-0.00028992
10500.00000000	-0.00028992
10510.00000000	-0.00026703
10520.00000000	-0.00025940
10530.00000000	-0.00022888
10540.00000000	-0.00022125
10550.00000000	-0.00019836
10560.00000000	-0.00015259
10570.00000000	-0.00000763
10580.00000000	0.00008392
10590.00000000	0.00024414
10600.00000000	0.00026703
10610.00000000	0.00022888
10620.00000000	0.00013733
10630.00000000	-0.00005341
10640.00000000	-0.00014496
10650.00000000	-0.00023651
10660.00000000	-0.00022125
10670.00000000	-0.00015259
10680.00000000	-0.00010681
10690.00000000	-0.00004578
10700.00000000	-0.00004578
10710.00000000	-0.00007629
10720.00000000	-0.00009155
10730.00000000	-0.00010681
10740.00000000	-0.00011444
